-2,807567;
0,005540;
1,268504;
-0,305152;
0,593405;
0,184914;
0,546166;
0,182384;
0,285556;
-0,341594;
-0,566770;
-0,503257;
-1,602448;
1,314281;
-0,478307;
-0,696403;
0,759836;
0,239983;
-0,306023;
0,578057;
-0,193563;
0,373208;
0,112690;
-0,008445;
-2,018972;
1,410780;
0,599202;
0,406069;
0,726266;
0,392129;
-0,222282;
-0,767280;
0,072688;
0,422229;
-0,039924;
-0,097638;
-1,839446;
1,713528;
0,910740;
-0,092299;
-0,750480;
-0,375077;
0,749962;
0,133368;
-0,313272;
0,335466;
0,158692;
-0,209537;
-2,736887;
-0,242613;
-0,012141;
0,914518;
-0,327499;
0,946429;
0,236843;
0,096702;
-0,240156;
-0,676211;
-0,184236;
-0,248407;
-2,736109;
-0,187433;
-0,007180;
0,890111;
-0,406564;
0,911432;
0,248352;
0,151539;
-0,200799;
-0,628686;
-0,062208;
-0,027701;
-3,084069;
0,398176;
-0,102527;
0,609627;
-0,248487;
0,510023;
0,227662;
0,156936;
0,298332;
-0,075674;
0,074172;
-0,147806;
-1,604138;
2,019216;
1,124992;
0,807245;
0,421428;
-0,935469;
-0,967294;
0,479791;
1,072003;
-0,413224;
0,491031;
0,232170;
-2,229997;
1,226238;
0,550684;
0,192122;
0,273717;
0,195176;
0,214037;
0,085527;
0,591279;
0,513897;
0,073866;
-0,640878;
-2,183949;
1,265831;
0,511715;
0,005905;
0,111531;
0,201163;
0,454176;
0,248442;
0,267970;
0,164519;
0,482801;
0,547171;
-1,944142;
1,212769;
0,141728;
-0,451970;
0,120058;
1,110552;
0,545125;
0,005053;
0,079659;
-0,875270;
0,593664;
-0,032100;
-1,912389;
1,560605;
0,494264;
-0,316061;
-0,380884;
0,316352;
1,178049;
-0,396145;
-0,846521;
0,218376;
0,505070;
-0,164960;
-2,176097;
1,364620;
0,647376;
0,395701;
0,499081;
0,105548;
-0,515592;
-0,777966;
0,314758;
0,812552;
0,528387;
0,059372;
-4,269633;
0,779579;
0,556427;
0,385621;
1,004987;
0,443396;
-0,188335;
-0,500680;
-0,014524;
-0,526298;
0,204547;
1,027507;
-2,237409;
0,225317;
-0,753472;
0,325341;
0,636297;
-0,367222;
1,232428;
-0,006648;
0,572415;
0,284440;
0,364204;
0,034660;
-1,893236;
1,561734;
0,679212;
0,262965;
0,482232;
0,429613;
-0,083652;
-0,716758;
0,188025;
0,609229;
0,170780;
-0,084903;
-2,368551;
0,205124;
-0,374407;
0,157900;
0,684790;
-0,221448;
0,942013;
0,019319;
0,704357;
0,390025;
0,379750;
0,055312;
-3,377493;
0,306777;
1,170870;
-0,122835;
0,586910;
0,284449;
0,652207;
0,296172;
0,395015;
0,069973;
0,248558;
0,210447;
-1,769169;
0,645250;
-0,488106;
0,373541;
0,520791;
-0,325862;
0,730943;
-0,152747;
0,488258;
0,280881;
0,242290;
0,091832;
-1,954811;
1,135749;
0,546624;
0,506507;
0,206940;
0,420899;
0,320059;
0,218634;
0,436634;
0,294448;
0,323035;
0,196788;
-1,916375;
1,510529;
0,736185;
0,415078;
0,505009;
0,227535;
-0,085579;
-0,572334;
0,125521;
0,499866;
0,219335;
0,016167;
-1,961698;
1,495200;
0,940177;
0,670775;
0,381492;
-0,378434;
-0,388392;
0,041543;
0,521919;
-0,057691;
0,334155;
0,516003;
-1,870263;
1,475580;
0,817194;
0,174857;
-0,635978;
-0,249907;
0,565716;
0,152846;
-0,079819;
0,410235;
0,322562;
-0,029138;
-1,679149;
1,190063;
-0,149457;
-0,413292;
0,201292;
0,229365;
-0,037851;
0,468471;
0,089589;
-0,317795;
0,542049;
-0,238556;
-2,164294;
1,261095;
0,516454;
0,174956;
0,403110;
0,462772;
0,543085;
0,496843;
0,831683;
0,106854;
-0,524949;
-0,616821;
-2,254925;
1,389002;
0,684721;
0,202710;
0,308030;
0,419583;
0,468054;
0,085041;
0,618059;
0,935528;
0,424044;
-0,936997;
-1,970812;
1,452661;
0,821910;
0,563653;
0,314001;
-0,382068;
-0,440717;
-0,117537;
0,302069;
-0,145790;
0,179361;
-0,067328;
-2,229423;
1,311003;
0,720022;
0,314556;
0,374629;
0,322658;
0,392159;
0,155616;
0,517820;
0,740437;
0,406611;
-0,768862;
-2,003146;
1,368385;
0,632801;
0,308463;
0,491127;
0,502073;
0,386633;
-0,337390;
-0,411245;
-0,190588;
0,179626;
-0,200049;
-2,032011;
1,367407;
0,616175;
0,308148;
0,548699;
0,570430;
0,403275;
-0,369155;
-0,516539;
-0,250251;
0,149989;
0,011465;
-2,457880;
0,994814;
0,884797;
-0,564770;
-0,058556;
0,803798;
-0,438459;
-0,518432;
0,016384;
0,442881;
0,478602;
0,355356;
-2,018400;
2,891970;
0,941643;
-1,326189;
1,181763;
1,189959;
1,344478;
-0,342668;
0,437868;
0,396945;
-0,358384;
-1,078958;
-2,041832;
1,493737;
-0,314114;
-0,952706;
-0,090557;
0,454593;
-0,953707;
-1,344725;
0,170479;
-0,187277;
0,341009;
-0,379954;
-1,982062;
1,432034;
-0,155458;
0,155479;
-0,813110;
-0,854756;
-0,159135;
-0,125764;
-0,086292;
0,585984;
0,205333;
0,014611;
-5,212065;
-0,473372;
-1,430721;
-0,232931;
-0,158962;
1,073926;
0,713985;
-0,272363;
0,462636;
0,263979;
0,687074;
-0,332478;
-3,231140;
0,518068;
-1,004473;
-0,415328;
-0,500007;
-1,263166;
-0,623455;
-0,407605;
-0,274666;
0,766697;
1,723839;
0,330817;
-2,610829;
0,983719;
-1,347440;
-0,675732;
-0,918784;
-1,149393;
-2,406009;
-2,345620;
-0,069251;
0,382365;
1,711626;
0,432119;
-3,355630;
0,191944;
0,192279;
-0,290106;
-1,222638;
-2,008095;
-0,431031;
-0,078678;
0,845424;
0,241429;
0,542803;
0,149552;
-3,183728;
0,687695;
0,391732;
0,092364;
-1,915246;
-1,716008;
-0,998415;
-0,304596;
0,670301;
-1,541852;
-0,521426;
0,725896;
-3,190045;
0,504432;
-0,442366;
0,330368;
1,106520;
-0,234980;
-0,963595;
-0,588478;
-0,245744;
-0,622530;
-0,176900;
0,706590;
-4,031112;
-0,542473;
-0,733810;
-1,335066;
-2,133296;
-3,562874;
-1,943546;
-0,262109;
-0,090806;
-0,676154;
0,721669;
-0,033209;
-6,542876;
-2,121343;
-1,257456;
-2,036545;
-1,297094;
-1,013110;
-1,726457;
-1,897594;
-1,039067;
-0,345325;
-0,201544;
-1,396649;
-3,899265;
0,545154;
-0,382778;
-1,238177;
-1,657958;
-2,182311;
-1,903280;
-1,961589;
-1,228088;
-1,016734;
0,812179;
0,402236;
-3,912421;
0,350295;
-1,743085;
-1,546031;
-0,188296;
-1,509485;
-1,858778;
-2,154376;
-0,934436;
-1,003814;
-0,510501;
1,259198;
-4,920165;
-0,192276;
-1,582985;
-0,776060;
0,070404;
0,312713;
1,565195;
-0,637520;
-1,081998;
-0,370779;
0,718597;
1,160285;
-2,941409;
0,581465;
1,338475;
0,508155;
0,315038;
-0,473332;
-0,130632;
-0,578666;
-0,593113;
-1,514036;
-0,148411;
-0,409204;
-2,176406;
1,770785;
2,389126;
-0,251786;
-1,317496;
1,043926;
-0,859185;
0,866413;
-0,246679;
0,466764;
0,067022;
-0,201271;
-1,357388;
1,176142;
-0,521559;
0,564445;
-0,476356;
0,249563;
0,212730;
-0,181349;
-0,175729;
-0,162901;
0,322359;
0,242066;
-1,641266;
4,279036;
0,295164;
-2,232765;
1,217908;
-0,058963;
0,012607;
-0,501146;
0,326597;
-0,102610;
-0,007673;
-0,299408;
-4,155602;
0,569427;
1,926937;
3,180736;
1,283239;
-0,912859;
0,106576;
-0,938476;
-0,944040;
0,906175;
-0,198057;
0,461874;
-3,382084;
3,893710;
3,613815;
-0,955033;
-1,903341;
0,665539;
0,012122;
0,708857;
-0,385330;
0,123027;
0,172141;
-0,053603;
-2,019345;
3,070712;
0,837115;
-1,661067;
1,808511;
-0,725285;
-0,006682;
-0,241983;
0,278808;
-0,581606;
0,428902;
-0,229616;
-0,133442;
3,544454;
-2,764202;
1,311944;
0,037795;
-0,782186;
0,555526;
-0,299233;
-0,172423;
0,218275;
-0,089623;
-0,338325;
-3,509562;
0,113494;
-0,502286;
-0,887226;
-0,661974;
-0,911076;
-0,970141;
-0,641280;
1,010859;
1,389653;
0,755520;
0,014198;
-3,496509;
0,116281;
-0,519240;
-0,885921;
-0,661802;
-0,899847;
-0,953429;
-0,668659;
0,966286;
1,367796;
0,746929;
0,027477;
-3,254902;
0,219182;
-0,446596;
-0,807629;
-0,656462;
-0,716121;
-0,614274;
-0,911666;
-0,534602;
0,154453;
0,947590;
0,728192;
-3,618675;
0,361497;
-0,248816;
-0,767425;
-0,648822;
-1,029839;
-1,360720;
-1,046916;
1,019030;
1,897171;
0,885962;
-0,482507;
-3,311217;
0,361706;
-0,425999;
-0,880125;
-0,700133;
-0,562868;
-0,482644;
-0,759714;
-0,935726;
-1,379106;
-0,880804;
-0,079968;
-3,163273;
0,155237;
-0,595276;
-0,946029;
-0,788898;
-0,759832;
-0,727391;
-0,909793;
-0,827828;
-0,799292;
-0,329502;
-0,318120;
-3,174191;
0,260625;
-0,526149;
-0,836859;
-0,609336;
-0,585458;
-0,687571;
-0,920940;
-0,743356;
-0,787098;
-0,529508;
-0,321852;
